www.mms.com 200 0.003414 0.524658
www.aztaxes.gov 200 0.003449 0.228459
www.keds.com 200 0.003356 0.516561
www.picclife.cn 200 0.307485 2.412591
www.wilton.com 200 0.014672 0.197142
www.pjzqkj.com 403 0.003133 0.030732
www.lpo.fr 200 0.003051 0.785729
www.bipa.at 200 0.003185 0.761464
www.cbre.es 200 0.003357 0.154064
www.ably.io 200 0.027852 1.081335
www.deepcleanindia.com 200 0.253730 1.335644
www.poe.com 200 0.074952 0.475040
www.ovs.it 500 0.003149 0.727791
www.gp.se 200 0.003216 0.039489
www.aaom.com 200 0.003421 0.876945
www.mksa.top 404 0.479330 0.986235
